674116739
9780674116733
9789622174580
9622174582
3886093271
8120806166
388609135X
9780521255233
521255236
9789676530752
9676530751
9780714124643
9748496317
9789748496313
3763020039
9780615488820
500277125
9780500277126
1870076141
9781870076142
9780714128252
9780714150796
3886091368
9780192842077
192842072
684180405
878463283
9781846032738
2711841073
9782711841073
9780300155662
1850437467
9781850437468
2080103598
9782080103598
9780892362202
892362200
9782711856268
029597253X
965427048
295970871
870990845
691040206
9782918207016
824820029
9760824820024
906610036
7501001537
9787501001538
691037582
9780691037585
3952091715
195630947
870111566
962331003x
874742676
390707078X
9004039384
9004039392
9004039384
9004039406
415320909
9780415320900
9622012795
3805311877
877277052
9813002700
9780810928534
810928531
9780521565059
521565057
2708405861
9782708405868
812278569
870993267
877277001
9782711857319
9782754106207
1588390721
9782842782177
9782855394237
2855394236
088029177x
9785938930506
9781891771255
9780910407397
9780939117673
9780911886535
299970701
810929384
9789748225302
9780761816713
9780140443486
9780140443066
9780192835765
942614186
9780195659122
8190014900
773478531
2720010316
9780862671501
9782070532551
376302011x
8121507235
9783869221878
9780520224667
932216285
7800070433
7226qq4976
7226004976
3201016780
9780553370904
877733546
9782711823642
2855397359
9781851774296
7560710077
9787228032488
9782220026299
9780714121802
9780813380650
9780810981034
067040697x
9781904832164
9780907849520
9780521533386
9789748225302
9748434575
500690014
9780811800402
3761106262
9782842782177
520050614
9780252071218
810906813
9781570621864
9780500275160
9782080113603
029596815x
934686505
674795903
9781588861146
9780860787662
860788849
